C02XJ3FWJGH6:CorndelTraining rraj34$ python SecondStep.py 
0
80
0
3
0
23
-54
0
2
0
8
-81
-27
4
0
0
87
-6
5
0
184
0
-45
25
169
0
-31
97
56
0
2
5
78
36
-6
1
52
5
-82
1
0
120
0
-35
61
65
-16
76
88
76
95
0
0
62
27
80
2
0
160
1
137
155
-13
79
0
1
34
1
0
70
3
2
1
13
135
0
7
-3
112
1
24
33
74
-59
0
1
-24
148
91
165
47
0
0
-55
0
-40
64
98
0
10
-36
13
-70
2
29
2
177
0
-56
34
0
0
99
33
0
131
97
50
58
0
42
0
0
0
-14
-9
0
127
13
56
144
-2
95
52
0
31
-10
30
108
184
38
88
30
0
0
86
125
-53
1
0
4
187
0
8
-52
162
71
0
107
74
8
0
-17
57
-11
0
4
0
-35
121
151
-10
122
2
97
42
86
50
-67
-25
0
-75
44
0
30
2
115
-41
0
-23
0
34
0
96
6
0
-47
-79
55
112
39
-7
-64
1
2
1
75
0
-64
52
9
171
57
149
0
3
84
48
132
45
1
14
0
-21
1
14
180
0
43
1
11
-69
18
-33
64
12
84
-3
30
1
115
157
-28
156
94
0
-64
0
-24
11
0
0
6
1
97
62
0
138
66
179
181
58
119
-11
0
5
0
194
-1
0
1
118
-90
-8
-55
78
8
67
175
1
10
-81
34
7
9
-17
86
67
55
96
0
82
128
100
2
0
81
106
1
0
-15
0
82
11
-16
144
4
-57
-45
-46
1
0
71
2
132
21
111
135
92
53
92
85
0
1
77
16
7
-20
1
6
48
50
-60
28
50
60
1
0
85
-16
0
6
0
1
-43
40
107
-83
97
144
131
44
18
1
13
-22
0
2
13
99
-44
0
-75
8
73
98
2
149
175
-69
143
-16
33
20
118
-37
2
1
81
0
113
61
1
-8
1
42
2
5
84
1
4
180
47
-20
64
0
118
0
23
-29
110
1
94
97
2
1
-39
15
0
46
0
152
33
48
129
33
25
27
4
78
-21
-6
106
33
145
0
5
0
-27
54
89
7
2
31
30
-5
0
0
1
2
0
153
62
164
10
83
144
8
0
-21
125
0
139
4
103
124
17
0
54
-6
-48
0
196
126
82
102
0
1
73
24
92
-26
62
124
173
-15
34
0
-15
115
81
-24
-26
126
60
4
187
79
3
31
103
0
-16
174
51
134
-30
0
4
50
0
136
2
38
117
2
0
7
6
67
159
-6
-16
0
52
1
1
-45
0
51
25
18
9
97
59
195
179
8
84
0
0
0
4
65
24
0
106
109
0
84
1
-23
1
165
147
-30
-25
34
81
85
-12
1
0
0
33
15
35
34
34
125
147
12
74
0
-27
0
139
0
66
94
55
96
-35
1
-14
3
3
65
5
120
162
190
117
143
42
123
24
0
68
69
-5
25
1
22
0
1
1
136
75
2
11
16
59
42
77
104
24
-45
1
0
75
77
116
2
170
66
-28
86
5
6
0
0
102
-44
1
-63
39
1
59
72
89
109
-38
10
39
117
-11
0
107
20
1
76
78
12
-26
0
-4
10
53
-32
-33
40
-3
1
77
73
5
3
2
112
117
-23
97
-1
1
1
100
129
62
7
-51
14
4
96
-60
19
-69
-9
-65
1
-71
130
32
74
-2
6
132
-3
146
4
69
52
1
54
7
6
73
65
1
81
-13
3
62
3
0
122
15
46
-3
-84
1
-19
54
139
0
17
-15
154
111
-11